VRAM0 6653 + VRAM1 6602 experts static; RAM cache sizes in GiB; blob 1.318 MB

== session (all 10 traces)
 RAM policy   vram0  vram1    ram   nvme  loads/tok  MB/tok
   4    lru   0.628  0.233  0.121  0.019       7.95    10.5
   4    lfu   0.628  0.233  0.103  0.037      15.25    20.1
   4   dlfu   0.628  0.233  0.121  0.018       7.80    10.3
   4  prior   0.628  0.233  0.121  0.018       7.80    10.3
   8    lru   0.628  0.233  0.132  0.008       3.22     4.2
   8    lfu   0.628  0.233  0.129  0.011       4.46     5.9
   8   dlfu   0.628  0.233  0.132  0.008       3.23     4.3
   8  prior   0.628  0.233  0.132  0.007       3.18     4.2
  12    lru   0.628  0.233  0.137  0.002       0.81     1.1
  12    lfu   0.628  0.233  0.137  0.002       0.83     1.1
  12   dlfu   0.628  0.233  0.137  0.002       0.81     1.1
  12  prior   0.628  0.233  0.137  0.002       0.74     1.0
  16    lru   0.628  0.233  0.139  0.000       0.00     0.0
  16    lfu   0.628  0.233  0.139  0.000       0.00     0.0
  16   dlfu   0.628  0.233  0.139  0.000       0.00     0.0
  16  prior   0.628  0.233  0.139  0.000       0.00     0.0

== bench-code
 RAM policy   vram0  vram1    ram   nvme  loads/tok  MB/tok
   4    lru   0.569  0.256  0.143  0.032      13.33    17.6
   4    lfu   0.569  0.256  0.141  0.034      14.03    18.5
   4   dlfu   0.569  0.256  0.144  0.031      13.19    17.4
   4  prior   0.569  0.256  0.144  0.031      12.96    17.1
   8    lru   0.569  0.256  0.161  0.014       5.85     7.7
   8    lfu   0.569  0.256  0.161  0.014       5.85     7.7
   8   dlfu   0.569  0.256  0.161  0.014       5.85     7.7
   8  prior   0.569  0.256  0.162  0.013       5.44     7.2
  12    lru   0.569  0.256  0.172  0.003       1.25     1.7
  12    lfu   0.569  0.256  0.172  0.003       1.25     1.7
  12   dlfu   0.569  0.256  0.172  0.003       1.25     1.7
  12  prior   0.569  0.256  0.172  0.003       1.12     1.5
  16    lru   0.569  0.256  0.175  0.000       0.00     0.0
  16    lfu   0.569  0.256  0.175  0.000       0.00     0.0
  16   dlfu   0.569  0.256  0.175  0.000       0.00     0.0
  16  prior   0.569  0.256  0.175  0.000       0.00     0.0

== bench-long
 RAM policy   vram0  vram1    ram   nvme  loads/tok  MB/tok
   4    lru   0.601  0.269  0.116  0.013       5.11     6.7
   4    lfu   0.601  0.269  0.116  0.013       5.11     6.7
   4   dlfu   0.601  0.269  0.116  0.013       5.11     6.7
   4  prior   0.601  0.269  0.117  0.012       4.98     6.6
   8    lru   0.601  0.269  0.124  0.005       2.04     2.7
   8    lfu   0.601  0.269  0.124  0.005       2.04     2.7
   8   dlfu   0.601  0.269  0.124  0.005       2.04     2.7
   8  prior   0.601  0.269  0.124  0.005       1.96     2.6
  12    lru   0.601  0.269  0.128  0.001       0.52     0.7
  12    lfu   0.601  0.269  0.128  0.001       0.52     0.7
  12   dlfu   0.601  0.269  0.128  0.001       0.52     0.7
  12  prior   0.601  0.269  0.128  0.001       0.45     0.6
  16    lru   0.601  0.269  0.129  0.000       0.00     0.0
  16    lfu   0.601  0.269  0.129  0.000       0.00     0.0
  16   dlfu   0.601  0.269  0.129  0.000       0.00     0.0
  16  prior   0.601  0.269  0.129  0.000       0.00     0.0

== bench-sky
 RAM policy   vram0  vram1    ram   nvme  loads/tok  MB/tok
   4    lru   0.432  0.283  0.260  0.025       9.42    12.4
   4    lfu   0.432  0.283  0.259  0.026       9.93    13.1
   4   dlfu   0.432  0.283  0.260  0.025       9.46    12.5
   4  prior   0.432  0.283  0.260  0.025       9.28    12.2
   8    lru   0.432  0.283  0.271  0.014       5.05     6.7
   8    lfu   0.432  0.283  0.271  0.014       5.05     6.7
   8   dlfu   0.432  0.283  0.271  0.014       5.05     6.7
   8  prior   0.432  0.283  0.272  0.014       4.82     6.3
  12    lru   0.432  0.283  0.279  0.006       1.83     2.4
  12    lfu   0.432  0.283  0.279  0.006       1.83     2.4
  12   dlfu   0.432  0.283  0.279  0.006       1.83     2.4
  12  prior   0.432  0.283  0.280  0.005       1.64     2.2
  16    lru   0.432  0.283  0.285